function K = lqr_k(L0)
%LQR_K
%    K = LQR_K(L0)

%    This function was generated by the Symbolic Math Toolbox version 23.2.
%    2024-12-05 17:00:51

t2 = L0.^2;
t3 = L0.^3;
mt1 = [L0.*(-1.021729752960134e+2)+t2.*2.059908902582414e+2-t3.*1.785010720246687e+2+1.190338556894488];
mt2 = [L0.*2.045564835590149e+2-t2.*8.50466699167657e+2+t3.*1.008026997248717e+3+2.431859899256932];
mt3 = [L0.*(-1.741157125259047e+1)+t2.*2.847978863306817e+1-t3.*2.640781242158862e+1+4.412049180376919e-1];
mt4 = [L0.*3.747523506424832e+1-t2.*1.585146146228587e+2+t3.*1.884601705872639e+2+1.33957221300093];
mt5 = [L0.*(-2.528841537801835e+1)+t2.*6.391087559998831e+1-t3.*5.90160607173319e+1+8.035809387700887e-2];
mt6 = [L0.*4.633877313206414e+1-t2.*2.359326161202565e+2+t3.*3.018799410159169e+2+3.246644224777051];
mt7 = [L0.*(-2.441287164016522e+1)+t2.*6.079648292498297e+1-t3.*5.728979468543493e+1-2.018347518881363e-1];
mt8 = [L0.*3.699532881014152e+1-t2.*2.097141405199668e+2+t3.*2.759917172373961e+2+4.587590606806809];
mt9 = [L0.*(-2.558111912833182e+1)+t2.*1.853892809442732+t3.*3.556454790930297e+1+1.099863703379733e+1];
mt10 = [L0.*1.517497650505096e+2-t2.*3.419279956578363e+2+t3.*2.788223703755564e+2+5.480288252994144];
mt11 = [L0.*(-1.830164444573076)+t2.*1.376592973295213+t3.*4.187469901776242e-1+8.371289736000285e-1];
mt12 = [L0.*5.722507552106952-t2.*9.215209861128702+t3.*4.369891637372635+3.728684526887034e-1];
K = reshape([mt1,mt2,mt3,mt4,mt5,mt6,mt7,mt8,mt9,mt10,mt11,mt12],2,6);
end
